A = [1/2 1/3 1/4;
    1/3 1/4 1/5;
    1/4 1/5 1/6]
B1 = [0.95;
    0.67;
    0.52]

B2 = [0.95;
    0.67;
    0.53]

x1 = A\B1
x2 = A\B2
